573,9
0,412
0,411
0,410
573,8
0,409
0,408
0,407
573,7
0,406
0,405
0,404
573,6
0,403
0,402
0,401
573,5
0,400
0,399
0,398
573,4
0,397
0,396
0,395
0,394
0,393
0,392
566,15
0,391
0,390
0,389
566,14
0,388
0,387
0,386
566,13
0,385
0,384
0,383
566,12
0,382
0,381
0,380
566,11
0,379
0,378
0,377
566,10
0,376
0,375
0,374
566,9
0,373
0,372
0,371
566,8
0,370
0,369
0,368
566,7
0,367
0,366
0,365
566,6
0,364
0,363
0,362
566,5
0,361
0,360
0,359
565,5
0,358
0,357
0,356
565,4
0,355
0,354
575,3
575,2
575,1
575,0
0,353
0,352
574,3
574,2
574,1
574,0
0,351
0,350
573,3
573,2
573,1
573,0
0,349
0,348
572,3
572,2
572,1
572,0
0,347
0,346
571,3
571,2
571,1
571,0
0,345
0,344
570,4
570,3
570,2
570,1
570,0
0,343
0,342
569,3
569,2
569,1
569,0
0,341
0,340
0,339
568,3
568,2
568,1
568,0
0,338
0,337
567,3
567,2
567,1
567,0
0,336
0,335
566,4
566,3
566,2
566,1
566,0
0,334
0,333
565,3
565,2
565,1
565,0
0,332
0,331
0,330
0,329
0,328
0,327
0,326
0,325
0,324
0,323
0,322
0,321
0,320
564,3
564,2
564,1
564,0
563,3
563,2
563,1
563,0
562,9
562,8
562,7
562,6
562,5
562,4
562,3
562,2
562,1
562,0
561,3
561,2
561,1
561,0
560,3
560,2
560,1
560,0
559,4
559,3
559,2
559,1
559,0
558,3
558,2
558,1
558,0
557,3
557,2
557,1
557,0
556,3
556,2
556,1
556,0
555,15
555,14
555,13
555,12
555,11
555,10
555,9
555,8
555,7
555,6
555,5
555,4
555,3
555,2
555,1
555,0
554,5
554,4
554,3
554,2
554,1
554,0
423,3
423,2
423,1
423,0
422,3
422,2
422,1
422,0
4,3
2,5
2,4
2,3
2,2
2,1
2,0
1,3
0,243
0,9
0,0
0,1
0,300
0,299
0,298
0,297
0,296
0,295
0,294
0,293
0,292
0,291
0,290
0,289
0,288
0,287
0,286
0,285
0,284
0,283
0,282
0,281
0,280
0,279
0,278
0,277
0,276
0,275
0,274
0,273
0,272
0,271
0,270
0,269
0,268
0,267
0,266
0,265
0,264
0,263
0,262
0,261
0,260
0,259
0,258
0,257
0,256
0,255
0,254
0,253
0,252
0,251
0,250
0,249
0,248
0,247
0,246
0,245
0,244
0,242
0,241
0,240
0,239
0,238
0,237
0,236
0,235
0,234
0,233
0,232
0,231
0,230
0,229
0,228
0,227
0,226
0,225
0,224
0,223
0,222
0,221
0,220
0,219
0,218
0,217
0,216
0,215
0,214
0,213
0,212
0,211
0,210
0,209
0,208
0,207
0,206
0,205
0,204
0,203
0,202
0,201
0,200
0,199
0,198
0,197
0,196
0,195
0,194
0,193
0,192
0,63
0,62
0,61
0,60
0,59
0,58
0,57
0,56
0,55
0,54
0,53
0,52
0,51
0,50
0,49
0,48
0,47
0,46
0,45
0,6
0,5
0,304
0,303
0,306
0,305
0,302
0,12
0,10
0,8
0,11
0,4
0,2
0,3
0,7
